0.00693005628
0.00920816895
0.0100452005
0.009587964944
0.008841207406
0.008118401445
0.007516600581
0.007024552191
0.00661372969
0.006268051729
0.005973394978
0.005716884995
0.005490862632
0.005289989899
0.005110473145
0.004948684716
0.004801754466
0.004667351127
0.004429220255
0.004323089301
0.004224381061
0.004132318745
0.003965468089
0.003817246479
0.003748477652
0.003620585174
0.003504519964
0.003399259661
0.003303611065
0.003215524328
0.003095273673
0.002987361671
0.002921435532
0.00282957679
0.002744967987
0.002642333971
0.002572038936
0.002485927908
0.002408436838
0.002319467274
0.002255666309
0.00218391565
0.002118358179
0.002047359644
0.001983250042
0.001924659646
0.001862593453
0.001806141406
0.001754489436
0.001700789361
0.00164713399
0.001597896746
0.001547449289
0.001502296352
0.001457273438
0.001413033724
0.001369455985
0.001330264621
0.001292887257
0.001257248687
0.001221254525
0.001188447153
0.001157045743
0.001125828745
0.00109350372
0.001063195043
0.001033483883
0.001005593497
0.0009790294102
0.0009518042846
0.0009269182187
0.0009025275913
0.0008786053061
0.0008545382926
0.0008305778478
0.0008074453344
0.0007844269585
0.0007619408512
0.0007405960718
0.0007200817116
0.0007003625923
0.0006805372732
0.0006607352558
0.0006411962187
0.0006235142608
0.0006074969609
0.0005923888812
0.0005781859837
0.0005644955499
0.000550605938
0.0005366895845
0.000522898108
0.0005100145684
0.0004974748593
0.0004853633933
0.0004737286052
0.0004620218122
0.0004508864159
0.000441350731
0.0004336199231
0.0004277440722
0.0004228418673
0.0004184169251
0.0004142879271
0.0004100696251
0.0004053991183
0.0004010300555
0.0003965445251
0.0003916340843
0.0003862168758
0.0003797042372
0.0003731210316
0.0003674360373
0.0003615919761
0.0003549287778
0.0003478699783
0.0003425661027
0.0003388349389
0.0003363603226
0.0003345978636
0.0003336431584
0.0003337721866
0.0003335696833
0.0003341869424
0.0003370003921
0.0003421068939
0.0003490035316
0.0003578134566
0.0003683983288
0.0003795389599
0.000390807034
0.0004020192662
0.0004135610306
0.0004249509471
0.0004360484408
0.0004462458143
0.0004557029177
0.000463154868
0.0004683622737
0.0004709773073
0.0004705762967
0.0004731090469
0.0004798587907
0.0004889540678
0.0005016352388
0.0005166293349
0.0005344281263
0.000553466974
0.000574387107
0.0005960329795
0.000618056593
0.000639931945
0.0006634037737
0.0006881179052
0.0007147483952
0.0007425959266
0.000772558973
0.0008049671383
0.0008416668368
0.0008839502833
0.0009339777315
0.0009935066946
0.001061906919
0.001137912063
0.001220854225
0.001310564106
0.001406987044
0.001508720108
0.001611356326
0.001711914488
0.001810332476
