0.01743474945
0.01163150336
0.009299972362
0.007967450099
0.007079559042
0.006434206701
0.005938058136
0.005541334402
0.005214761003
0.004939855119
0.004704299423
0.004499528491
0.004319377377
0.004159280965
0.004015777122
0.003886186254
0.003768397718
0.003660723413
0.00347048966
0.003385876909
0.003307177588
0.003233733922
0.003100454712
0.002982440031
0.002928284388
0.002828296435
0.002737926684
0.002655726847
0.002580536597
0.002511413909
0.002417450534
0.002333342751
0.002281936255
0.002210853128
0.002146056267
0.002067952197
0.002014697037
0.001949733893
0.001890714356
0.001824014393
0.001775491814
0.001719997793
0.001669444191
0.001614337883
0.001564401665
0.001518876104
0.001470527649
0.001426572464
0.001386384667
0.001344421811
0.001301545217
0.001262585105
0.001223211771
0.00118736745
0.001151425985
0.001115782651
0.001080748151
0.001048890693
0.001017620726
0.0009871134045
0.0009557357832
0.00092725647
0.0008997981831
0.000873392711
0.0008468441046
0.0008215702994
0.0007965268288
0.0007728348949
0.0007504113014
0.000727678612
0.0007063234672
0.0006856138588
0.0006656117513
0.0006463563712
0.0006274051931
0.0006093123538
0.0005916787745
0.0005745853605
0.0005580883658
0.0005422238811
0.0005270118427
0.0005122245988
0.0004979246907
0.0004839622223
0.0004707671706
0.0004579827893
0.0004455145854
0.000433694184
0.0004222659421
0.0004111667145
0.0004006455667
0.0003904301237
0.0003806554105
0.0003713391394
0.0003623644278
0.0003538265052
0.0003456333829
0.0003378182128
0.0003303623639
0.0003233271295
0.0003166202982
0.0003102720881
0.0003043022243
0.0002986777251
0.0002934190846
0.0002885044213
0.000283952183
0.0002797473857
0.0002759049268
0.0002724046759
0.0002692617941
0.0002664713099
0.0002640320427
0.0002619495043
0.0002602237161
0.0002588583734
0.0002578502806
0.0002572056727
0.0002569245949
0.000257009225
0.0002574629823
0.0002582871822
0.000259483533
0.0002610580554
0.000263009643
0.0002653472764
0.0002680680563
0.0002711814176
0.000274691689
0.0002785993508
0.0002829173257
0.000287645201
0.0002927956009
0.000298374005
0.0003043889323
0.0003108521339
0.0003177749825
0.0003251720831
0.0003330502292
0.0003414304622
0.0003503296598
0.0003597642056
0.0003697536486
0.0003803206516
0.0003914909206
0.0004032895912
0.000415744811
0.0004288876812
0.0004427522002
0.0004573718085
0.000472786264
0.0004890414488
0.0005061759535
0.0005242477731
0.0005433010596
0.0005633958608
0.0005845947935
0.0006069599352
0.0006305655402
0.0006554821751
0.0006817924521
0.0007095846233
0.0007389525638
0.0007699897453
0.0008028103836
0.000837522206
0.0008742475448
0.0009131172234
0.0009542734466
0.0009978609917
0.00104403892
