509.5327489
358.4385002
291.1960758
250.1190777
222.3137843
202.4352077
187.2265897
175.4622722
166.3073355
158.2253801
151.007452
144.6941118
139.0305536
134.0304172
129.5418117
125.4367975
121.6253201
118.171155
112.0997786
109.3784614
106.8731958
104.5046388
100.141015
96.40596012
94.67959697
91.55657941
88.69010625
86.03458468
83.45281894
81.11962081
78.02968733
75.24231778
73.54443657
71.28218072
69.21007843
66.54787452
64.69339479
62.41500123
59.37864923
55.97778803
53.66038629
51.08619058
48.8113331
46.43425823
44.3685712
42.43594262
40.37991191
38.54332139
36.88586937
36.56098241
36.59606179
36.34749156
36.00374723
35.5518131
34.97951282
34.28369811
34.03040302
33.71837605
33.32141203
32.86029161
32.87523832
32.82202565
32.64455698
32.37468223
32.34152921
32.1954508
31.87314234
31.06958152
30.32796542
29.36772854
28.49194192
26.9302165
25.19358483
23.43975229
21.68704742
19.5444578
17.6996726
16.06839524
14.79301175
13.86154006
13.36838782
12.84899201
12.45741286
12.00984244
11.84588154
11.94140363
12.3264677
12.5356218
12.30659779
11.3711938
10.18417184
9.346895627
8.989179305
8.765415851
8.736766264
9.122680418
9.298941845
8.597227408
7.916880676
7.635100867
7.521329282
7.737572394
7.346532549
6.743613171
6.567725832
6.757276255
6.426889576
6.073970966
6.065531578
5.954909394
5.63641601
5.744054984
5.475067649
5.41028933
5.303176661
5.187294536
5.102456518
5.033875567
4.844017669
4.811815618
4.621964689
4.469393646
4.380966836
4.291784796
4.170993514
4.02468934
3.890616282
3.780056747
3.671463625
3.522776811
3.413416956
3.317743857
3.156446534
3.076044358
2.976156016
2.933104229
2.92907732
2.923880827
2.910037429
2.896691782
2.905281499
2.895903087
2.918623453
2.94078155
2.963702677
2.990322537
2.999153002
2.991037081
2.998051102
3.022874888
3.065349356
3.136831048
3.205192481
3.287909772
3.376884234
3.487888502
3.599760758
3.707718133
3.814947437
3.940477973
4.068141731
4.190495542
4.29225839
4.35511718
4.358533418
4.340931648
4.282640609
4.229484869
4.273452162
4.416754407
4.535091348
