449.2391795
263.070292
200.6352
166.4919177
144.7738636
129.6153817
118.3648345
109.7719146
103.0997221
97.1552109
92.23249448
87.94237349
84.01241556
80.54907128
77.41848746
74.6297787
72.09678759
69.84973327
66.09738951
64.43191623
62.84527143
61.37641329
58.68617354
56.47700579
55.44629898
53.65977106
52.02160195
50.50058403
49.05602366
47.77932865
46.02222727
44.44931894
43.48478851
42.16569087
40.97214732
39.44570868
38.34545225
36.95663013
35.37198047
33.54972969
32.17583269
30.675396
29.35995438
27.98737097
26.75878534
25.70979642
24.63603267
23.6406905
22.71332082
22.18357925
21.73230528
21.28197746
20.85869816
20.41428998
19.93368553
19.36934239
18.86471545
18.41390856
17.95314536
17.50709662
17.24882919
17.01461223
16.72304971
16.3726195
16.09617106
15.8179527
15.50908246
15.13458899
14.75248851
14.34009184
13.9598155
13.44922175
12.87694624
12.35457403
11.86496793
11.26841568
10.7614404
10.33514411
9.919625646
9.598698793
9.310854605
9.024189097
8.728448831
8.419604001
8.132460116
7.906330666
7.72451627
7.542597044
7.306006287
6.969233194
6.608165387
6.332541558
6.154529155
5.998445651
5.877651077
5.850819896
5.803575108
5.626952023
5.45260653
5.323352279
5.182054134
5.087915488
4.913438823
4.715884937
4.598173844
4.539655201
4.403683669
4.258809224
4.130272192
3.987418377
3.830128864
3.763939424
3.651602265
3.557253833
3.454696072
3.375242026
3.339203736
3.295419227
3.227892628
3.197918968
3.143814892
3.085549383
3.051719106
3.002559352
2.954886721
2.910199438
2.848770394
2.778887669
2.708437305
2.632269578
2.569945811
2.512204792
2.434719136
2.355346155
2.279980967
2.220107281
2.158992719
2.116894995
2.086822293
2.061148756
2.060938553
2.051102301
2.043387027
2.043636156
2.056083813
2.077041396
2.101472043
2.140805255
2.175613254
2.18869735
2.194881342
2.20188248
2.215490336
2.234505621
2.263025391
2.299048924
2.335194215
2.371083563
2.410994635
2.446792405
2.482386298
2.497191839
2.504179892
2.513483205
2.52109391
2.522971635
2.49907568
2.42379037
2.290456507
2.154970425
2.054991048
