450.8823111
266.7329681
201.626584
167.1779902
145.3924924
130.1468955
118.7588519
109.8568674
102.661796
96.69573643
91.64793667
87.30682404
83.5228978
80.18722961
77.2183848
74.55413567
72.14602655
69.95570182
66.1109503
64.41086342
62.83497328
61.36891583
58.71950371
56.3851069
55.3174172
53.35183223
51.581527
49.97623407
48.51186116
47.16896241
45.34839106
43.7234326
42.73235816
41.36447468
40.12005311
38.62311375
37.60427025
36.36338411
35.23781663
33.96773711
33.04503909
31.99100981
31.03191467
29.98757885
29.04218843
28.18105403
27.26726155
26.43711774
25.67860012
24.88702404
24.07863621
23.34441984
22.60269342
21.92765162
21.25093654
20.57994817
19.92048758
19.3208461
18.7322391
18.15792485
17.56711589
17.03073748
16.51341787
16.01573194
15.51510186
15.0382327
14.56538938
14.11771787
13.69364957
13.26331761
12.85861989
12.46568413
12.08566738
11.71930228
11.3581403
11.01271955
10.67540705
10.3477202
10.03071588
9.725074333
9.431173989
9.144596412
8.866519723
8.593984227
8.335370617
8.083686538
7.837013661
7.601889876
7.37322129
7.149680657
6.936257634
6.727395685
6.525793478
6.331795998
6.142922244
5.961125025
5.784394985
5.613373064
5.447581435
5.288339125
5.133498184
4.983654022
4.839206419
4.699280641
4.564299363
4.43360921
4.307604867
4.185777839
4.068468607
3.954953126
3.845594984
3.740115734
3.63832334
3.540298664
3.445900554
3.355201698
3.267777939
3.183910645
3.103401004
3.026114944
2.95196638
2.881085888
2.81338979
2.748673911
2.687075589
2.628387035
2.572744585
2.520000065
2.470148685
2.423228842
2.379136911
2.337930153
2.299546765
2.263999572
2.231282107
2.201379344
2.174288468
2.15000218
2.128541191
2.109887434
2.094043643
2.081015259
2.070803566
2.063408491
2.058830355
2.057070939
2.05813063
2.062009314
2.068706811
2.078220516
2.090548918
2.105693946
2.123647699
2.144418791
2.167997271
2.194387381
2.223593243
2.255613456
2.290458808
2.328129323
2.368637054
2.411996662
2.458224905
2.507330577
2.559347494
2.614290914
2.672190352
2.733079235
2.796998627
2.863982769
2.934076534
