394.5793824
235.2113818
178.5456805
148.4337564
129.3275372
115.9219193
105.8871809
98.02949207
91.66930137
86.38906319
81.91684446
78.06724082
74.70907582
71.7466624
69.10839018
66.73948637
64.59726302
62.6479029
59.22412306
57.70937702
56.30485117
54.99784052
52.63494886
50.55205612
49.59910633
47.84428457
46.26329187
44.82925575
43.5207739
42.32056263
40.69302905
39.23998702
38.3535955
37.12999088
36.01662662
34.67709798
33.76524738
32.65452257
31.64688588
30.50973472
29.68351857
28.73961922
27.88066291
26.94529584
26.09849448
25.32712329
24.50854917
23.76488393
23.08536969
22.37623253
21.65203358
20.99428768
20.32982702
19.72512246
19.11894301
18.51792433
17.92726911
17.39023137
16.86311987
16.34885686
15.8198826
15.33970157
14.87664376
14.43122453
13.98324205
13.55659688
13.13363473
12.73327216
12.35410154
11.96942214
11.60775094
11.25668705
10.91726461
10.59013716
10.26776305
9.959549295
9.658684077
9.366522394
9.084006356
8.811740437
8.55005864
8.295025732
8.047690653
7.805422404
7.575667658
7.352209245
7.133345667
6.924874758
6.722275007
6.524370957
6.335576067
6.150970939
5.972939098
5.801779146
5.63529779
5.475211705
5.319746111
5.169460337
5.023928876
4.884301712
4.748687794
4.617602168
4.491385539
4.369264142
4.251596967
4.137803699
4.028216413
3.922380198
3.820577156
3.722164484
3.62744208
3.536151987
3.448110352
3.363368161
3.281783088
3.203396384
3.127818546
3.055268538
2.985548887
2.918516378
2.854067487
2.792285799
2.733067743
2.676201915
2.621775067
2.569568361
2.519666825
2.471900831
2.426227211
2.382642923
2.341012567
2.301350748
2.263559179
2.227611384
2.193463486
2.161063431
2.130373004
2.101350368
2.073991077
2.048246839
2.024097841
2.001534341
1.980547325
1.961131746
1.943289009
1.927033403
1.912386258
1.899377803
1.888048716
1.878453405
1.87065565
1.864732357
1.86077881
1.858901849
1.859228257
1.861900982
1.867083033
1.87495605
1.885724814
1.899611922
1.916864788
1.937753838
1.962572175
1.991628922
2.025267985
2.06384167
2.107729614
2.15733224
2.213073386
2.275386858
2.344730553
