0.0226472305
0.01416032078
0.01101362981
0.009293216541
0.008179055142
0.007385242766
0.006783934854
0.006308610856
0.005920909098
0.005596992247
0.00532118349
0.005082702428
0.004873863851
0.004689023924
0.004523933414
0.004375324559
0.00424063809
0.004117837531
0.003901622059
0.003805755998
0.003716756597
0.003633845479
0.003483742483
0.003351215889
0.003290522491
0.003178666202
0.003077797605
0.002986238331
0.002902647854
0.002825940855
0.002721884199
0.002628959142
0.002572267559
0.002494010326
0.002422813447
0.002337179143
0.002278909692
0.002207967919
0.002143654344
0.002071137713
0.002018500569
0.001958428536
0.001903829809
0.001844458826
0.001790796991
0.001741997772
0.001690309802
0.001643449647
0.001600722786
0.001556236274
0.001510925483
0.001469889651
0.001428560422
0.001391068879
0.001353613113
0.001316614326
0.001280400695
0.00124761319
0.001215572222
0.001184458502
0.00115261916
0.001123874076
0.001096308385
0.001069947799
0.001043601803
0.001018678609
0.000994145785
0.0009710976626
0.0009494379176
0.0009276441301
0.0009073327303
0.0008877956817
0.0008690864977
0.0008512350169
0.0008338286052
0.0008173718001
0.0008014945893
0.0007862665527
0.0007717320747
0.0007579152389
0.0007448241587
0.0007322563142
0.0007202604084
0.0007087074283
0.0006979446056
0.0006876706762
0.0006778072469
0.0006686095001
0.0006598696336
0.0006515367136
0.000643791115
0.000636426248
0.0006295365306
0.0006231280097
0.0006171165457
0.0006115630232
0.0006064051546
0.0006016637832
0.000597328003
0.0005934329389
0.0005899292738
0.0005868386284
0.0005841753332
0.0005819317495
0.0005801256466
0.0005787614634
0.0005778588267
0.0005774316534
0.0005775008849
0.0005780908149
0.0005792276584
0.0005809438638
0.0005832783674
0.0005862686598
0.0005899615529
0.0005943996462
0.0005996569207
0.0006057745156
0.0006128259629
0.0006208915161
0.0006300573353
0.0006403859338
0.0006519683966
0.000664931287
0.0006793435275
0.0006953565025
0.0007130413477
0.0007325565551
0.0007540291189
0.0007775670326
0.0008033563956
0.0008315059018
0.0008622046862
0.0008956016905
0.0009318661576
0.0009711890577
0.001013761553
0.0010597973
0.001109463405
0.001163018678
0.001220699397
0.001282741456
0.001349404288
0.001420971581
0.001497751833
0.001580053936
0.00166821177
0.001762584578
0.001863557253
0.001971515217
0.002086894963
0.00221018468
0.002341822365
0.002482399977
0.002632408031
0.002792465929
0.002963219812
0.003145316618
0.003339507351
0.003546517973
0.003767178708
0.00400237246
0.004253034817
0.004520102014
0.004804692955
0.005107875214
0.005430847093
0.005774885663
0.006141372848
0.006531717198
0.006947458181
