386.2981814
233.1590846
181.243297
153.0129429
133.776658
118.564254
106.9755434
97.94538732
91.59225399
86.37803204
81.96573772
78.15541863
74.84929804
71.86576878
69.10521686
66.49253492
64.03506892
61.84255239
58.12626223
56.64680582
55.2726654
54.02557132
51.97244244
49.71542414
48.72203801
47.03696322
45.61125463
44.4294655
43.26282515
42.10972456
40.47351365
39.17608317
38.40061268
37.1888419
36.16718062
34.89408021
33.90283159
32.76095484
31.61545109
30.32322907
29.38640141
28.28733332
27.28876999
26.19921706
25.23934234
24.38496284
23.55034649
22.76708705
22.04873322
21.45230757
20.85276717
20.26990787
19.72468772
19.23891738
18.75811808
18.22265544
17.68296772
17.1427631
16.60283602
16.08683766
15.61784379
15.1784854
14.78038638
14.40292792
14.03361976
13.62855296
13.23212118
12.856663
12.50586208
12.15992389
11.79529261
11.42075707
11.06544239
10.7374871
10.36863216
9.979729879
9.643286824
9.323425454
9.029048826
8.762125286
8.502439605
8.275225825
8.005698071
7.725795959
7.472571999
7.243870505
7.032507852
6.843341537
6.622746844
6.404735085
6.210216668
6.036244186
5.872563349
5.71524594
5.573723748
5.446590803
5.339783662
5.213047769
5.085541285
4.980516755
4.857988964
4.764048411
4.649262622
4.538707173
4.460969696
4.401583043
4.319661053
4.2372102
4.132780015
4.016423099
3.902012772
3.795277675
3.689347938
3.568861796
3.447799143
3.332367497
3.238191415
3.146073919
3.044556898
2.984431465
2.934151538
2.873100552
2.822057373
2.758387588
2.706122593
2.659828357
2.622769331
2.578551008
2.537064166
2.497825823
2.448819448
2.391105455
2.347982599
2.322672007
2.296304952
2.246460887
2.20085191
2.14002961
2.088091639
2.028008786
1.981105667
1.93922842
1.909238141
1.886184025
1.85224655
1.835210227
1.849312469
1.868685085
1.876564374
1.871510833
1.863581017
1.84259088
1.823301425
1.788194804
1.738939055
1.697725797
1.672168851
1.676706657
1.688142513
1.732682119
1.795248121
1.866818065
1.941366031
2.026791849
2.102166818
2.160180921
2.217124439
2.278051545
2.360670854
2.427872533
2.495914329
