0.02017436289
0.0140850958
0.01145152194
0.009896446402
0.00884071128
0.008063973611
0.007461683953
0.006977021368
0.006576099667
0.006237291833
0.005946060349
0.00569222438
0.005468413156
0.005269141474
0.005090231664
0.004928438363
0.004781197014
0.004646450611
0.004408053044
0.004301885465
0.004203067082
0.004110788004
0.003943184734
0.003794628838
0.003726413316
0.003600395087
0.003486422117
0.00338269221
0.003287759342
0.003200447992
0.003081702147
0.002975358299
0.00291033792
0.00282040258
0.002738394589
0.002639514104
0.002572074841
0.002489791545
0.002415021239
0.002330505436
0.002269013423
0.00219867899
0.002134600489
0.002064746818
0.002001444451
0.001943732759
0.001882443516
0.001826725755
0.001775786764
0.00172260249
0.001668266606
0.001618901114
0.001569020561
0.001523619672
0.001478105737
0.001432980796
0.001388639456
0.001348331702
0.001308780446
0.001270207925
0.001230551328
0.001194573732
0.001159901987
0.001126576011
0.001093087236
0.00106122481
0.001029672116
0.0009998416799
0.0009716272301
0.0009430444567
0.0009162142848
0.0008902158178
0.0008651264641
0.0008409947596
0.0008172660003
0.000794633596
0.0007725975215
0.0007512585211
0.0007306860707
0.0007109240952
0.0006919960713
0.0006736176602
0.0006558657171
0.0006385533346
0.0006222120418
0.0006063980989
0.0005909935212
0.0005764062481
0.0005623186864
0.0005486513808
0.0005357088696
0.0005231538137
0.0005111499568
0.0004997164637
0.0004887072852
0.0004782365271
0.0004681885162
0.0004586009265
0.0004494477793
0.0004408011946
0.0004325445929
0.0004247116882
0.000417323488
0.0004103357856
0.0004037706289
0.0003975973181
0.0003918357296
0.0003864637775
0.0003814976161
0.0003769084302
0.0003727134303
0.0003689039048
0.0003654761683
0.0003624363611
0.0003597835292
0.0003575231038
0.0003556493849
0.0003541738045
0.000353097635
0.0003524257661
0.0003521657264
0.0003523259423
0.0003529140814
0.0003539421685
0.0003554191017
0.0003573621889
0.0003597804369
0.0003626944892
0.0003661220401
0.0003700779258
0.0003745907601
0.000379676705
0.0003853668816
0.0003916860221
0.0003986633156
0.0004063329523
0.0004147300089
0.0004238947921
0.0004338590182
0.0004446734175
0.0004563849509
0.0004690410871
0.0004826946216
0.0004974038288
0.0005132325645
0.0005302451886
0.0005485115805
0.0005681071961
0.0005891131035
0.0006116107184
0.000635692297
0.0006614610843
0.0006890099881
0.0007184642625
0.0007499280379
0.0007835325472
0.000819414738
0.0008577117955
0.0008985828496
0.000942181818
0.0009886846156
0.001038278311
0.001091161127
0.001147531457
0.001207626282
0.001271671789
0.001339921803
0.001412646831
0.001490139581
0.001572698424
0.001660649452
