580.6189009
376.9757702
298.0990782
253.8567711
224.7146445
203.6978571
187.6310992
174.8387951
164.3436369
155.5326317
147.9994583
141.4628252
135.7210399
130.6252347
126.0628284
121.9469009
118.2091372
114.7950043
108.7690991
106.0912573
103.6018308
101.2797227
97.06831041
93.34185852
91.63261959
88.47808696
85.62833278
83.03725288
80.66794933
78.49049459
75.53146741
72.88365524
71.26568082
69.02881567
66.9901484
64.53322478
62.8582006
60.81513045
58.95913569
56.86172907
55.33595579
53.59096487
52.00128054
50.26833681
48.69784214
47.26590632
45.74496874
44.3619977
43.09732198
41.77649765
40.42655366
39.19955073
37.95912229
36.82946041
35.69628657
34.57200638
33.46637301
32.4604597
31.4725309
30.50809048
29.51543485
28.61377748
27.74374683
26.90635204
26.06361922
25.26052061
24.46384531
23.70924652
22.99412582
22.26812747
21.58507667
20.92159001
20.27963694
19.66047241
19.04982641
18.46552686
17.89467547
17.33984613
16.80283721
16.28481223
15.78642545
15.30019201
14.82811433
14.36516867
13.92560045
13.49753695
13.07771369
12.67726442
12.28752339
11.90622698
11.54189253
11.18504043
10.84028216
10.50821618
10.1846002
9.872784384
9.569327366
9.275331986
8.989980608
8.715551292
8.448348848
8.189403235
7.939412805
7.696870935
7.462517431
7.23522575
7.015690873
6.803036786
6.597869047
6.398932724
6.206876759
6.021226693
5.841658882
5.66833226
5.501015938
5.339859984
5.184132752
5.034359763
4.890214254
4.751485756
4.618051545
4.4901826
4.367768267
4.250481903
4.138618781
4.031851859
3.930483358
3.834301725
3.743360283
3.657795056
3.577486666
3.502612183
3.433134721
3.369155189
3.310740562
3.257943053
3.210836232
3.169484407
3.133995715
3.104408306
3.080790297
3.063206182
3.051705283
3.046326379
3.047100575
3.054049961
3.067185202
3.086507698
3.112011165
3.143674975
3.181478493
3.22540687
3.275414849
3.331503174
3.393622718
3.46176562
3.535927019
3.616093407
3.702288397
3.794516346
3.892819796
3.997256569
4.107899309
4.224812298
4.34813064
4.477957054
4.614440529
4.757752273
4.908095184
5.065670637
5.230720385
