0.004988957246
0.009977914491
0.01496687174
0.01995582898
0.02494478623
0.02993374347
0.03492270072
0.03991165796
0.04490061521
0.04988957246
0.0548785297
0.05986748695
0.06485644419
0.06984540144
0.07483435868
0.07982331593
0.08481227317
0.08980123042
0.09977914491
0.1047681022
0.1097570594
0.1147460166
0.1247239311
0.1347018456
0.1396908029
0.1496687174
0.1596466319
0.1696245463
0.1796024608
0.1895803753
0.2045472471
0.2195141188
0.2294920333
0.244458905
0.2594257768
0.2793816058
0.2943484775
0.3143043065
0.3342601355
0.3592049217
0.3791607507
0.4041055369
0.4290503231
0.4589840666
0.4889178101
0.5188515535
0.5537742543
0.588696955
0.6236196557
0.6635313137
0.7084319289
0.7533325441
0.8032221165
0.853111689
0.9079902187
0.9678577056
1.03271415
1.097570594
1.167415995
1.242250354
1.327062627
1.4118749
1.501676131
1.596466319
1.701234421
1.81099148
1.930726454
2.055450385
2.185163274
2.329843034
2.479511751
2.639158383
2.808782929
2.98838539
3.182954723
3.38750197
3.607016089
3.841497079
4.090944941
4.355359675
4.634741281
4.934078716
5.25337198
5.59761003
5.956814951
6.340964659
6.755048111
7.189087391
7.653060415
8.151956139
8.67579665
9.239548819
9.838223688
10.47182126
11.15031944
11.86872929
12.6370287
13.45521769
14.32828521
15.2512423
16.23905583
17.29172581
18.40925224
19.60161302
20.86880816
22.22081557
23.65763526
25.18924513
26.81564519
28.55180232
30.3977165
32.36336565
34.4587277
36.68879158
39.06353523
41.5879476
44.28198451
47.14564597
50.19389885
53.44171001
56.90404634
60.58589679
64.50222823
68.67798544
73.11815739
77.85267782
82.88653568
88.24966472
93.96202076
100.0385707
106.5142372
113.4039871
120.7427433
128.5554503
136.872042
145.7274411
155.1565703
165.1993413
175.8856877
187.2654992
199.3836763
212.2851198
226.0197191
240.6423527
256.2128883
272.7911932
290.442124
309.2355259
329.2462334
350.5490809
373.2288805
397.3804225
423.0885192
450.4679166
479.6134048
510.6447189
543.6865827
578.8637202
616.3208112
656.1975465
698.6535727
743.8585143
791.9919738
843.2335536
897.797779
955.8891972
1017.7373
1083.586547
1153.701352
1228.351119
1307.830197
