0.006305467151
0.008374592564
0.00912947104
0.008699358504
0.007999871755
0.00732424276
0.006765682095
0.006315102836
0.005944286936
0.005633962258
0.005370332514
0.005143257821
0.004943523044
0.004764944792
0.00460365949
0.004456977394
0.004323017396
0.004200324993
0.003983777586
0.003887583286
0.003797813871
0.003713260063
0.003557691414
0.003419001581
0.003355121304
0.003237231944
0.003131962553
0.003037016385
0.002950736212
0.002871561303
0.002764535823
0.002668884266
0.002609994971
0.002528593726
0.00245473297
0.002365920579
0.00230524639
0.002230591223
0.00216196208
0.00208435371
0.002028609552
0.001965311393
0.001908151978
0.001847437911
0.001793931582
0.001743859124
0.001690938688
0.001643006274
0.001599038836
0.001553020118
0.001506339308
0.001465045149
0.001423404947
0.001385648852
0.001347190751
0.001308547096
0.001272647867
0.001239525874
0.001207029025
0.001176060623
0.001144990899
0.00111696324
0.00108894095
0.001062127903
0.00103500564
0.001009799858
0.0009857381672
0.0009627096702
0.0009403191782
0.0009181496494
0.0008967481188
0.0008759009965
0.0008553119098
0.0008362928574
0.0008186015475
0.0008019253138
0.0007852825667
0.0007689907737
0.0007531884954
0.0007388714795
0.0007254677285
0.0007119573295
0.0006987126777
0.0006861251717
0.0006746550423
0.0006634316558
0.0006528060199
0.000643234741
0.0006339387121
0.0006251005985
0.0006172038095
0.0006107072916
0.0006059784692
0.0006027480437
0.0006005091399
0.0005984132902
0.0005968593632
0.0005955210281
0.000594129843
0.0005928336585
0.000591946942
0.0005917703702
0.0005916862962
0.0005917990054
0.0005924828107
0.0005936272044
0.000594989104
0.0005964489583
0.0005979527597
0.0005996318361
0.0006020891725
0.0006054534698
0.0006092989505
0.0006133638907
0.0006176080067
0.0006218602622
0.0006264434664
0.0006315635461
0.0006376519906
0.0006442546086
0.0006516722992
0.000659269083
0.000666917229
0.0006750380729
0.0006846384682
0.000696405357
0.0007108024999
0.0007276723671
0.0007478787153
0.0007693586368
0.0007921702211
0.0008165255619
0.000843562443
0.0008742113807
0.0009083914308
0.0009460939536
0.0009871931798
0.001031254275
0.001078358399
0.001128360225
0.001183042097
0.001244109719
0.001311214816
0.001384126519
0.001462319765
0.001546667234
0.001636176769
0.001728470493
0.001825147459
0.001927519236
0.002037429879
0.002155848714
0.002283050644
0.002421246124
0.002570294639
0.002729807792
0.002901962835
0.003091742964
0.003300617298
0.003526877176
0.003774974754
0.004047778593
0.004344036419
0.004661016718
0.005002909471
0.005365327109
0.005745114607
0.006145572484
0.006556241943
0.006969292189
0.007382072381
