0.005541652846
0.007360581126
0.008025081204
0.007650447258
0.007041973259
0.006454603338
0.005967649858
0.005571072907
0.005241286552
0.004965498215
0.004730861775
0.004525754239
0.004343702365
0.004180897088
0.004034859087
0.003903733384
0.003785389803
0.003677257119
0.003484796398
0.003398872447
0.003319391168
0.003246040073
0.00311488295
0.00299873982
0.002945375845
0.002846382261
0.002755951284
0.002673203057
0.002597918696
0.002528240395
0.002433633621
0.002348839652
0.002296908879
0.002225072465
0.002159869906
0.002081957703
0.00202901775
0.00196507449
0.001907555733
0.001841839476
0.001795047223
0.001741128683
0.00169172445
0.001637391812
0.001586597146
0.001539762196
0.001489661776
0.001444186902
0.001403004587
0.001359662818
0.001315263045
0.001274430614
0.001233842346
0.001197113717
0.001160156068
0.001122851469
0.001086239579
0.001053376036
0.001021075973
0.0009885618294
0.0009553468331
0.0009252704302
0.0008968794706
0.0008699657457
0.0008426598817
0.0008155751243
0.0007902034082
0.000766488147
0.0007433357292
0.0007197554858
0.000697936222
0.0006766299763
0.0006559385897
0.0006362581951
0.0006162714717
0.0005978970907
0.0005806581044
0.0005639578937
0.0005478658898
0.0005329397044
0.0005184326091
0.0005047245322
0.0004916102453
0.0004786035198
0.0004665298406
0.0004542148366
0.0004419700162
0.0004312559296
0.0004201329879
0.0004094995642
0.0003995584715
0.0003903282825
0.000381158999
0.0003723689473
0.0003642688663
0.0003561600014
0.0003484017919
0.0003406394947
0.0003325798262
0.0003245969542
0.0003168442128
0.0003088532327
0.000301418197
0.0002943185693
0.0002875909596
0.0002812183352
0.000274951564
0.0002695729661
0.000264736022
0.0002607946432
0.0002576759606
0.0002552471844
0.0002541112465
0.0002544024471
0.0002550586052
0.0002562126455
0.0002577853037
0.0002604051337
0.0002642094699
0.0002681623489
0.000272328152
0.0002768719653
0.0002814528749
0.0002858796264
0.0002887562205
0.0002900900768
0.0002897904048
0.0002893322726
0.0002896132477
0.0002891601236
0.0002883879987
0.0002874900148
0.0002871999801
0.0002883297354
0.0002904618287
0.0002941434302
0.0002988028347
0.0003049722901
0.0003118372958
0.0003191061445
0.0003268325239
0.0003358033512
0.0003460964511
0.0003582475078
0.0003721074791
0.0003863835519
0.0004008378555
0.000417210712
0.0004345627643
0.0004527740105
0.0004728454181
0.00049494664
0.0005174951274
0.0005416017628
0.0005673421672
0.0005945270885
0.0006232236284
0.000652800728
0.0006822295371
0.000710620443
0.0007377719331
0.0007624753575
0.000783189947
0.0007985816945
0.0008073932651
0.0008173794669
0.0008329178954
0.0008563945676
0.0008899035484
0.0009365382418
0.0009985545516
